;mass A;;
t;x;y;
0,000;1,537E−3;0,298
0,033;4,395E−3;0,296
0,067;8,341E−3;0,295
0,100;1,305E−2;0,295
0,133;1,670E−2;0,294
0,167;2,293E−2;0,292
0,200;2,995E−2;0,291
0,233;3,836E−2;0,292
0,267;4,826E−2;0,289
0,300;5,962E−2;0,287
0,333;7,152E−2;0,286
0,367;8,504E−2;0,283
0,400;9,965E−2;0,279
0,433;0,117;0,277
0,467;0,135;0,271
0,500;0,154;0,265
0,533;0,176;0,257
0,567;0,201;0,246
0,600;0,226;0,233
0,633;0,256;0,219
0,667;0,288;0,200
0,700;0,325;0,182
0,733;0,365;0,165
0,767;0,411;0,153
0,800;0,458;0,151
0,833;0,505;0,155
0,867;0,551;0,164
0,900;0,596;0,179
0,933;0,634;0,184
0,967;0,672;0,194
1,000;0,709;0,203
1,033;0,744;0,212
1,067;0,776;0,220
1,100;0,808;0,226
1,133;0,841;0,231
1,167;0,870;0,234
1,200;0,900;0,237
1,233;0,929;0,238
1,267;0,959;0,237
1,300;0,988;0,235
1,333;1,017;0,227
1,367;1,049;0,216
1,400;1,082;0,203
1,433;1,117;0,187
1,467;1,155;0,171
1,500;1,197;0,158
1,533;1,242;0,147
1,567;1,290;0,142
1,600;1,340;0,143
1,633;1,386;0,143
1,667;1,433;0,143